   1.00000000       2.00000000       2.00000000    
   4.00000000       4.00000000       2.00000000    
   4.00000000       6.00000000       4.00000000    

 eliminacaoGauss
  -1.00000000       3.00000000      -1.00000000    

 eliminacaoGaussJordan
  -1.00000000       3.00000000      -1.00000000    

 decomposicaoLU
  -1.00000000       3.00000000      -1.00000000    

 decomposicaoCholesky
              NaN              NaN              NaN

 jacobi
  -1.00000000       3.00000000      -1.00000000    

 GaussSeidel
  -1.00000000       3.00000000      -1.00000000    

   4.00000000    
